text_output
[180,65,260,110]
[260, 420, 350, 580]
{bbox: [290, 300, 350, 420]}
[90, 35, 180, 75]
[300, 140, 420, 240]
[250,300,620,700]
[820,180,960,320]
[400,100,600,260]
[530, 440, 630, 560]
[780, 670, 900, 840]
[280, 220, 420, 320]
[345, 190, 395, 260]
[24,30,44,50]
{bbox: [480, 600, 620, 900]}
[520, 350, 620, 460]
[345,180,390,240]
[70, 75, 110, 115]
[280, 340, 340, 410]
[270, 135, 290, 165]
[560, 390, 620, 445]
{bbox:[410,390,480,480]}
{bbox: [120, 260, 300, 360]}
[180, 90, 395, 195]
[200, 230, 300, 340]
[140, 160, 260, 240]
{x_min:500,y_min:300,x_max:800,y_max:520}
{bbox: [140, 380, 450, 660]}
{bbox: [200, 370, 700, 470]}
{bbox:[545,75,605,225]}
[30, 20, 70, 60]
[280, 400, 650, 750]
{bbox: [740, 450, 880, 600]}
[200, 80, 312, 350]
[300, 50, 900, 300]
[130, 25, 200, 60]
[200, 240, 380, 520]
```json [580, 180, 700, 350] ```
[650, 600, 1150, 850]
[150, 40, 880, 200]
[360, 180, 410, 240]
[180, 180, 250, 300]
[250,650,475,900]
[600,180,770,500]
[260, 900, 500, 1600]
{bounding_box: [480, 260, 700, 480]}
{bbox: [470, 650, 580, 1080]}
[280,350,480,420]
```json [640, 330, 720, 440] ```
[75, 100, 220, 160]
[430, 600, 510, 720]
[25, 45, 95, 130]
[470, 405, 510, 440]
{bbox: [390, 160, 470, 230]}
[100, 85, 135, 130]
[270, 60, 305, 100]
[500, 350, 630, 480]
[100, 60, 190, 140]
[80, 100, 560, 240]
{bbox: [370, 260, 410, 310]}
[250, 230, 420, 500]
[860, 240, 950, 330]
[30, 25, 90, 75]
{x_min:500,y_min:350,x_max:950,y_max:700}
[320,300,390,350]
```json [200, 200, 550, 260] ```
[710, 460, 750, 530]
[155,50,245,130]
{bbox: [400, 330, 760, 420]}
```json [700, 360, 1000, 500] ```
{x_min:130,y_min:240,x_max:190,y_max:490}
[830, 520, 1500, 780]
{bbox: [85, 100, 165, 300]}
{x_min:430,y_min:20,x_max:660,y_max:280}
[245, 100, 295, 155]
[620, 380, 700, 420]
[260, 250, 360, 340]
[80, 20, 300, 140]
{bbox: [610, 370, 680, 440]}
[430, 280, 460, 320]
[330, 350, 440, 1050]
[1020,650,1190,900]
[80,120,110,160]
[170, 150, 190, 300]
[240,260,350,560]
[200, 150, 350, 260]
```json [950, 300, 1100, 500] ```
[450,100,700,220]
[260, 140, 320, 200]
[560, 300, 650, 380]
[380, 420, 760, 530]
[120, 80, 280, 130]
[1410, 730, 1550, 830]
{bbox: [35, 195, 100, 265]}
[1020, 810, 1090, 882]
[420, 620, 540, 760]
[840,100,920,160]
[225, 290, 295, 360]
[270, 260, 350, 370]
[240,260,265,295]
[150, 130, 190, 170]
```json [150, 150, 300, 260] ```
[350, 540, 750, 630]
[450, 350, 520, 550]
{bbox: [300, 250, 600, 300]}
[100, 100, 150, 200]
{bbox:[260,120,330,200]}
[120, 180, 420, 330]
{ bbox: [690, 350, 770, 440] }
[660, 390, 760, 560]
{bbox: [240, 210, 530, 380]}
[380, 250, 480, 350]
[480,160,640,300]
[60, 40, 150, 65]
[320, 230, 370, 290]
[100, 340, 190, 500]
[190,170,230,220]
{x_min:320,y_min:300,x_max:710,y_max:400}
[880,540,950,620]
[150,200,550,650]
[150, 420, 250, 660]
[380, 60, 560, 140]
[120, 140, 300, 190]
```json [330, 360, 430, 480] ```
[1100, 130, 1750, 350]
[140, 210, 260, 300]
[190,230,270,330]
{bbox: [240, 80, 360, 150]}
[440, 380, 555, 610]
{bbox: [510, 320, 575, 385]}
[250, 420, 340, 500]
[170,130,205,180]
[270,160,360,260]
{bbox: [660, 830, 800, 980]}
[900,120,1680,580]
[60, 65, 75, 90]
[260, 500, 430, 1300]
[42, 38, 57, 63]
[480, 580, 560, 680]
[800,100,920,200]
[660,310,780,380]
[90, 120, 180, 300]
[295,450,355,550]
{bbox: [150, 80, 360, 140]}
[120, 90, 260, 180]
[300, 360, 460, 750]
[45,45,100,95]
[100, 80, 280, 160]
[460, 280, 510, 330]
[460, 370, 580, 460]
{x_min:80,y_min:110,x_max:600,y_max:300}
[60, 10, 130, 25]
[80, 90, 130, 300]
{bbox:[260,150,330,230]}
[320, 330, 400, 430]
[440, 350, 520, 430]
[200, 80, 330, 150]
[490,325,540,385]
[930, 350, 1010, 440]
{bbox: [460, 350, 540, 440]}
[450, 420, 800, 480]
[360, 180, 680, 350]
[200, 150, 380, 300]
[95,45,125,85]
[75, 60, 105, 105]
[80, 110, 130, 200]
[310,160,350,225]
[310,350,390,700]
[425, 360, 480, 430]
[130, 230, 260, 480]
{x_min:300,y_min:380,x_max:800,y_max:450}
[10, 45, 137, 65]
[210, 180, 285, 430]
```json [220, 80, 350, 215] ```
{bbox:[220,140,280,360]}
[320, 400, 890, 620]
[150, 85, 330, 150]
[600, 450, 760, 650]
[150, 100, 350, 260]
[460,500,550,650]
[60, 160, 200, 240]
[50,70,90,110]
[150, 200, 360, 650]
[380, 430, 470, 580]
[120, 100, 440, 210]
```json [580, 620, 660, 700] ```
[550, 850, 630, 970]
[300, 250, 580, 580]
[740, 320, 900, 440]
[360, 270, 440, 430]
[75, 30, 130, 100]
```json [265, 725, 503, 1320] ```
{bbox: [420, 260, 520, 360]}
[180, 200, 260, 260]
[300, 450, 420, 620]
[210,70,255,115]
{bbox: [320, 320, 640, 640]}
[450, 450, 580, 950]
[460, 230, 620, 410]
[620, 310, 710, 410]
[270,195,325,260]
